tail: [(0,0),(1,0),(2,-1.46389e-13),(3,-1.3774e-12),(4.96301e-10,-1.38075e-09),(1.86429e-07,-1.18809e-08),(1.40145e-06,-4.26145e-06),(0.000637686,1.57849e-05),(0.000188048,-0.00431796),(0.707275,-0.0805731)]
error: 1.78676e-18